nodes: 14
edges: 19
density: 0.2087912087912088
is_connected: False
avg_clustering: 0.5619047619047619
transitivity: 0.625
clustering_ratio: 2.0701754385964914
